0.0
5.0
11.0
7.0
9.0
12.0
16.0
23.0
32.0
34.0
28.0
15.0
16.0
26.0
20.0
30.0
5.0
0.0
8.0
12.0
14.0
16.0
17.0
20.0
29.0
31.0
25.0
12.0
13.0
23.0
17.0
27.0
11.0
8.0
0.0
4.0
6.0
8.0
9.0
12.0
21.0
23.0
17.0
4.0
5.0
15.0
9.0
19.0
7.0
12.0
4.0
0.0
2.0
5.0
9.0
16.0
25.0
27.0
21.0
8.0
9.0
19.0
13.0
23.0
9.0
14.0
6.0
2.0
0.0
3.0
8.0
16.0
25.0
27.0
21.0
10.0
11.0
19.0
15.0
23.0
12.0
16.0
8.0
5.0
3.0
0.0
5.0
13.0
22.0
24.0
18.0
10.0
9.0
16.0
17.0
20.0
16.0
17.0
9.0
9.0
8.0
5.0
0.0
8.0
17.0
19.0
13.0
5.0
4.0
11.0
16.0
15.0
23.0
20.0
12.0
16.0
16.0
13.0
8.0
0.0
9.0
11.0
5.0
8.0
7.0
3.0
16.0
7.0
32.0
29.0
21.0
25.0
25.0
22.0
17.0
9.0
0.0
11.0
14.0
17.0
16.0
12.0
25.0
8.0
34.0
31.0
23.0
27.0
27.0
24.0
19.0
11.0
11.0
0.0
6.0
19.0
18.0
10.0
23.0
10.0
28.0
25.0
17.0
21.0
21.0
18.0
13.0
5.0
14.0
6.0
0.0
13.0
12.0
4.0
17.0
12.0
15.0
12.0
4.0
8.0
10.0
10.0
5.0
8.0
17.0
19.0
13.0
0.0
1.0
11.0
13.0
15.0
16.0
13.0
5.0
9.0
11.0
9.0
4.0
7.0
16.0
18.0
12.0
1.0
0.0
10.0
12.0
14.0
26.0
23.0
15.0
19.0
19.0
16.0
11.0
3.0
12.0
10.0
4.0
11.0
10.0
0.0
13.0
10.0
20.0
17.0
9.0
13.0
15.0
17.0
16.0
16.0
25.0
23.0
17.0
13.0
12.0
13.0
0.0
23.0
30.0
27.0
19.0
23.0
23.0
20.0
15.0
7.0
8.0
10.0
12.0
15.0
14.0
10.0
23.0
0.0
1
